4294967278,50
4294967278,49
4294967278,48
4294967278,47
4294967278,46
4294967294,18
4294967294,14
4294967294,768
4294967294,20
4294967294,13
4294967294,1123
4294967294,24
4294967294,100
4294967294,102
4294967294,1803
4294967294,2427
4294967294,935
4294967278,54
4294967278,53
4294967278,52
4294967278,51
4294967279,473
4294967279,264
4294967279,287
4294967279,400
4294967279,508
4294967279,261
4294967278,56
4294967278,55
4294967279,257
4294967278,62
4294967278,61
4294967278,60
4294967278,59
4294967278,58
4294967278,57
4294967279,85
4294967279,450
4294967279,255
4294967279,254
4294967279,507
4294967279,488
4294967278,490
4294967279,272
4294967278,275
4294967279,324
4294967278,565
4294967278,505
4294967279,323
4294967278,526
4294967278,484
4294967278,564
4294967278,324
4294967278,331
4294967279,83
4294967279,82
4294967279,81
4294967279,80
4294967279,77
4294967278,502
4294967278,323
4294967279,466
4294967278,562
4294967278,321
4294967278,344
4294967278,557
4294967278,248
4294967278,245
4294967279,322
4294967278,489
4294967278,488
4294967278,454
4294967279,75
4294967279,74
4294967279,72
4294967279,71
4294967279,69
4294967279,68
4294967279,66
4294967279,65
4294967279,63
4294967279,62
4294967279,61
4294967279,59
4294967279,56
4294967279,55
4294967279,52
4294967279,50
4294967279,49
4294967279,48
4294967278,315
4294967279,412
4294967294,111
4294967278,524
4294967278,234
315,0
315,8
4294967278,483
4294967279,358
4294967278,228
4294967278,303
4294967278,226
4294967294,189
4294967294,1950
4294967294,1598
4294967294,392
4294967294,1599
4294967294,2011
4294967294,89
4294967294,1107
4294967294,1088
4294967294,1145
4294967294,2475
4294967294,2466
4294967294,2445
4294967294,2471
4294967294,1248
4294967294,1238
4294967294,1814
4294967278,224
4294967278,342
4294967278,222
4294967278,258
4294967278,216
315,7
4294967278,214
315,6
315,5
4294967278,212
315,4
315,3
315,2
315,1
4294967278,211
4294967278,210
4294967294,46
4294967278,487
4294967278,481
4294967279,46
303,4
274,4
4294967278,519
4294967279,45
4294967279,44
4294967279,43
4294967279,40
4294967279,37
4294967278,478
4294967278,462
4294967278,517
4294967279,499
4294967278,546
4294967278,516
4294967278,297
4294967279,448
4294967278,298
4294967279,425
4294967278,320
4294967278,515
4294967278,142
4294967278,554
4294967279,36
4294967279,35
4294967278,486
4294967278,249
4294967278,191
4294967279,350
4294967279,33
4294967279,32
4294967279,284
4294967278,460
4294967278,189
4294967279,31
4294967279,30
4294967279,28
4294967278,187
4294967278,278
4294967279,27
4294967279,25
4294967279,24
4294967279,23
4294967279,21
4294967279,20
4294967279,19
4294967279,185
4294967278,186
4294967278,184
4294967294,574
4294967294,395
4294967294,406
4294967294,385
4294967294,1089
4294967294,800
4294967294,110
4294967278,511
4294967278,476
4294967278,183
4294967294,1847
4294967278,182
4294967278,574
4294967278,474
4294967279,17
4294967279,15
4294967279,14
4294967279,11
4294967279,10
4294967278,313
4294967279,505
4294967278,290
4294967278,318
4294967279,173
4294967294,37
4294967294,2005
4294967294,805
4294967279,168
314,6
314,5
314,4
314,3
314,2
314,1
4294967294,35
4294967294,39
4294967294,1094
4294967294,773
4294967294,1468
4294967294,191
4294967294,1146
4294967294,1410
4294967294,40
4294967294,42
4294967278,260
4294967278,0
4294967294,1998
4294967294,1537
4294967294,1109
4294967294,103
4294967279,321
4294967279,260
4294967279,479
4294967294,52
4294967294,50
4294967294,1425
4294967294,1422
4294967294,1420
4294967294,1419
4294967294,1417
4294967294,1646
4294967279,478
4294967279,159
4294967279,156
4294967294,91
4294967294,93
4294967279,153
313,6
313,5
313,4
313,2
313,1
4294967294,9
0,7
4294967294,1418
4294967294,775
4294967294,19
4294967294,1426
4294967294,1423
4294967294,1096
4294967294,1984
4294967294,1644
4294967294,1642
4294967294,1103
4294967294,1628
4294967294,1657
4294967294,1110
4294967294,1639
4294967294,49
4294967294,1835
4294967294,1826
4294967294,1097
4294967294,12
4294967294,1810
4294967294,1966
307,4
270,4
4294967294,7
4294967294,6
4294967294,1456
4294967294,1641
4294967294,937
4294967294,11
4294967294,79
4294967294,66
4294967278,132
4294967278,131
4294967278,130
4294967278,129
4294967278,128
4294967278,127
4294967278,126
4294967278,125
4294967278,124
4294967278,123
4294967278,122
4294967278,121
4294967278,120
4294967278,119
4294967278,118
4294967278,117
4294967278,116
4294967278,115
4294967278,114
4294967278,113
4294967278,112
4294967278,111
4294967278,110
4294967278,109
4294967278,108
4294967278,107
4294967278,106
4294967278,105
4294967278,104
4294967278,103
4294967278,102
4294967278,101
4294967278,100
4294967278,99
4294967278,98
